479
116
476
58
419
479
54
87
175
107
186
6
225
44
284
244
60
180
288
314
158
375
94
34
321
293
351
387
254
268
294
133
75
40
367
497
341
132
271
273
278
425
407
490
82
230
423
220
149
50
112
354
299
176
432
140
340
397
424
362
350
440
464
499
365
266
425
158
97
3
206
152
339
123
390
367
112
213
474
407
11
225
342
19
4
337
449
70
472
28
7
30
435
67
298
26
236
109
51
468
254
324
327
348
408
187
343
69
367
465
189
197
95
38
314
421
360
142
430
126
477
362
149
320
436
145
58
27
25
355
429
146
4
315
210
367
125
237
454
53
15
389
475
161
149
135
299
356
414
54
133
127
220
253
124
337
364
269
192
108
292
40
373
460
481
487
401
462
165
176
431
273
34
386
417
242
118
83
276
305
337
9
160
175
39
305
71
301
14
474
300
177
127
40
361
392
314
239
428
486
445
465
91
246
472
452
500
207
146
434
219
421
461
8
239
110
276
358
164
330
254
120
465
420
277
245
248
476
213
412
322
496
429
87
373
260
429
351
169
188
280
294
283
171
410
414
355
448
184
105
95
69
472
74
174
390
272
348
149
198
189
230
136
55
411
161
4
475
272
144
270
256
251
266
360
355
371
239
350
392
415
98
155
331
35
442
130
129
337
240
38
138
261
278
313
230
81
288
359
214
41
56
464
275
407
278
96
28
475
130
454
339
421
54
284
89
116
78
325
164
460
400
31
364
488
31
137
415
131
91
401
195
176
358
473
492
240
258
385
200
109
108
429
223
313
38
125
330
68
12
304
58
77
193
451
37
353
386
420
229
87
226
478
27
325
85
81
440
140
266
48
358
289
280
189
358
289
291
345
438
365
23
170
309
278
444
109
248
346
182
200
274
153
497
406
129
461
191
407
497
268
27
47
159
242
219
417
17
395
245
437
29
321
44
408
352
425
179
490
343
116
389
490
316
379
190
225
291
195
4
136
489
122
393
104
63
477
192
344
15
457
454
85
92
63
119
177
349
186
332
189
117
70
56
188
173
301
252
345
308
158
429
360
319
214
336
438
206
54
69
63
209
454
246
466
339
416
130
465
5
110
418
278
168
345
266
98
313
66
33
166
223
150
273
455
201
239
152
182
46
